function QuadRule = P7O6()

  QuadRule.w = [                9/80; ...
                 (155+sqrt(15))/2400; ...
                 (155+sqrt(15))/2400; ...
                 (155+sqrt(15))/2400; ...
                 (155-sqrt(15))/2400; ...
                 (155-sqrt(15))/2400; ...
                 (155-sqrt(15))/2400 ]';
            
  QuadRule.x = [               1/3               1/3; ...
                   (6+sqrt(15))/21   (6+sqrt(15))/21; ...
                 (9-2*sqrt(15))/21   (6+sqrt(15))/21; ...
                   (6+sqrt(15))/21 (9-2*sqrt(15))/21; ...
                   (6-sqrt(15))/21 (9+2*sqrt(15))/21; ...
                 (9+2*sqrt(15))/21   (6-sqrt(15))/21; ...
                   (6-sqrt(15))/21   (6-sqrt(15))/21 ]';
     
return
